%YAML:1.0
---
calibration_time: "Fri Mar  8 12:56:03 2019"
nr_of_frames: 15
image_width: 2592
image_height: 1944
board_width: 8
board_height: 11
square_size: 30.
camera_matrix: !!opencv-matrix
   rows: 3
   cols: 3
   dt: d
   data: [ 3.1323994297047630e+03, 0., 1.3231030786179158e+03, 0.,
       3.1134908611481924e+03, 9.9249656805882216e+02, 0., 0., 1. ]
distortion_coefficients: !!opencv-matrix
   rows: 1
   cols: 5
   dt: d
   data: [ -2.6208791561522843e-01, 2.1058055832830963e-01,
       -7.0353841323613777e-04, 1.2447236488248577e-02,
       -3.7391914430125461e-01 ]
avg_reprojection_error: 3.7750953435897827e-01
